11
269
51
237
40
90
135
21
199
15
112
138
139
31
208
55
276
33
90
128
260
30
133
273
175
31
90
27
23
168
260
15
207
90
105
15
300
76
67
90
36
225
42
263
227
139
57
265
265
265
265
265
209
7
176
135
217
15
193
89
157
62
275
194
99
222
185
94
22
184
200
267
46
127
276
58
90
296
28
110
273
100
121
14
217
14
99
97
123
240
297
70
15
234
90
92
44
249
135
183
17
176
42
260
149
281
27
15
46
42
137
268
7
287
94
193
207
137
111
92
117
107
124
124
176
141
239
239
265
202
31
23
52
125
66
3
139
23
170
97
224
196
176
141
35
185
198
61
64
67
114
171
255
272
163
11
143
57
134
5
53
273
63
15
90
137
24
265
100
13
95
251
114
214
296
290
7
169
206
83
245
94
11
197
280
225
106
16
173
59
16
32
236
155
213
267
159
288
10
15
24
58
278
15
256
13
114
242
53
249
114
23
214
114
170
277
214
138
176
278
298
255
109
269
140
210
176
44
100
98
267
180
114
137
284
121
139
90
235
37
271
276
15
114
235
173
139
32
53
3
276
131
226
166
35
26
114
22
187
31
207
193
42
90
193
153
15
135
14
92
265
90
97
24
81
94
90
135
90
247
278
70
63
1
135
80
114
135
258
45
107
271
114
200
276
240
72
216
283
254
138
29
90
10
245
15
199
90
297
219
114
254
90
167
199
76
137
6
136
230
107
251
248
271
95
20
91
233
250
158
296
157
188
44
92
120
260
197
11
134
273
240
42
148
135
237
176
15
63
273
260
114
107
187
128
272
70
189
75
217
102
85
288
24
128
236
298
199
7
99
72
56
136
249
288
123
193
245
128
32
260
130
116
255
247
278
276
44
292
15
164
70
67
277
77
60
176
123
11
139
153
260
42
242
254
186
58
213
107
94
13
99
44
3
236
211
207
15
65
253
62
245
288
64
231
75
80
266
5
296
3
77
10
40
194
114
267
44
24
3
262
116
36
74
261
199
18
58
44
128
133
58
49
265
196
117
123
90
243
272
108
48
142
62
46
112
154
15
267
271
146
241
44
92
139
260
175
7
117
240
71
237
270
71
157
14
42
64
254
187
137
112
193
6
122
133
214
139
215
123
105
247
53
94
90
273
150
145
48
42
143
44
44
187
257
200
160
1
3
182
1
218
256
143
100
70
285
265
100
106
24
240
34
71
105
235
251
99
241
11
43
157
16
179
24
276
114
254
175
135
261
214
92
251
29
130
15
106
203
57
143
116
81
100
90
50
238
114
200
261
100
153
150
125
118
157
44
3
19
79
277
232
10
44
216
116
254
44
42
259
5
184
12
120
261
6
121
298
253
10
128
11
135
44
51
174
117
207
24
210
270
90
277
44
100
10
46
267
120
44
256
219
73
283
273
36
273
46
52
25
290
161
28
37
193
254
250
258
57
137
271
10
141
260
22
294
96
83
125
32
183
145
193
200
298
236
15
243
236
185
67
296
293
36
181
236
246
226
243
256
205
273
3
105
135
153
178
276
93
249
177
195
139
137
167
32
256
219
123
63
25
268
199
63
119
42
125
22
175
250
46
7
114
116
121
3
298
141
100
11
230
47
80
258
188
207
121
42
297
13
250
95
272
7
135
157
272
1
24
7
14
11
107
16
260
297
240
178
19
86
13
240
87
193
57
3
193
42
107
44
216
117
71
51
196
44
8
226
99
250
104
17
268
63
295
17
113
117
50
87
189
167
128
156
268
229
276
276
139
299
159
216
286
11
187
123
137
3
125
48
292
288
107
63
296
290
94
214
294
242
254
264
157
247
296
42
102
7
272
284
200
214
139
100
71
191
210
176
140
25
268
235
38
298
23
139
11
178
273
14
44
253
137
125
9
245
238
90
13
78
255
212
210
42
94
44
105
116
267
93
10
139
253
290
63
267
288
257
92
99
220
12
47
38
30
267
297
288
258
42
91
147
114
82
9
145
31
204
159
100
48
217
57
99
92
3
291
219
291
63
97
42
114
135
173
44
62
153
121
106
21
116
298
137
44
214
23
174
106
44
198
10
90
176
170
105
196
46
193
288
58
32
71
267
139
27
14
178
281
200
63
80
112
70
189
90
102
46
23
7
247
102
184
32
214
134
74
129
205
8
28
84
251
15
71
157
296
260
238
253
57
282
115
90
288
223
13
90
41
261
107
67
157
289
67
29
159
139
219
273
190
32
49
29
132
13
143
19
12
135
255
91
101
270
255
90
129
24
117
185
231
27
107
13
271
145
250
236
220
90
241
175
247
69
204
298
260
11
90
28
4
5
214
128
143
2
245
212
66
176
121
178
253
297
258
104
260
160
11
5
15
172
265
116
265
265
265
165
147
265
117
212
298
230
228
167
176
12
272
175
272
267
145
162
253
13
11
51
143
120
151
256
238
70
209
103
18
247
225
240
100
1
67
88
57
250
44
198
42
238
45
19
6
214
298
213
73
217
33
292
126
15
32
90
64
125
42
48
111
179
249
245
207
152
125
279
128
157
250
139
208
198
5
210
221
55
157
27
157
119
207
125
214
15
247
210
14
126
22
214
207
63
220
10
90
107
44
120
6
236
88
217
19
181
94
66
135
22
278
280
260
113
260
291
143
5
74
91
192
27
167
274
296
132
86
39
68
271
31
201
54
44
196
258
231
15
167
85
102
251
261
44
183
200
294
11
246
136
253
245
97
247
183
167
117
250
252
28
297
250
263
290
260
144
214
44
288
255
196
57
44
3
95
288
170
14
51
45
271
261
11
267
244
21
156
196
10
66
271
14
44
13
