0.263409
-0.259111
-0.3386
0.353278
0.297883
-0.324016
-0.253015
0.387589
-0.319133
-0.254059
-0.283908
-0.400313
0.269457
-0.274944
-0.305758
0.332018
0.27526
0.318712
-0.265486
0.332989
-0.302617
-0.324886
-0.251147
0.310888
0.383485
-0.272669
-0.417834
-0.251465
0.31925
-0.289208
-0.256366
-0.322909
0.258707
-0.262815
0.301061
-0.37053
0.29548
0.32688
0.31727
-0.33448
0.378588
0.291753
-0.319598
0.280079
0.315517
0.265212
0.281321
-0.278093
-0.288578
-0.28638
-0.324799
-0.268622
0.288881
-0.35328
-0.256934
-0.294951
-0.264824
-0.251156
0.26859
-0.307267
0.255536
-0.306034
-0.260196
-0.266831
0.275584
-0.28121
-0.272621
-0.253577
0.279353
-0.251565
0.271428
-0.267812
-0.269499
0.306539
0.315527
-0.271741
-0.306236
-0.319402
-0.277754
-0.315161
0.281715
0.288423
0.339337
-0.268537
-0.277427
-0.256014
0.271564
-0.269885
0.274483
0.284484
-0.268025
0.266483
-0.338385
-0.285824
-0.319734
-0.379816
0.269093
0.251373
-0.25092
0.260731
-0.272977
-0.373274
-0.281401
-0.305858
0.252665
-0.316467
-0.303601
-0.309557
-0.250443
-0.331064
0.256127
0.266728
-0.250844
-0.255695
-0.413709
0.299556
0.358618
0.334589
0.359348
-0.280905
0.384764
0.255681
0.333059
0.297595
-0.252765
-0.415546
-0.289705
-0.330771
-0.316617
-0.357605
-0.287833
0.359221
0.387329
-0.374407
-0.341208
0.260256
0.288519
0.286154
-0.311384
-0.32039
0.255228
-0.252295
-0.287072
-0.317171
-0.29643
-0.304175
-0.274831
-0.298593
-0.298739
0.366607
-0.26439
0.2748
-0.291577
0.268582
-0.267507
0.255383
0.307074
0.251219
-0.280847
0.302139
0.280929
0.253076
-0.25509
-0.274183
-0.260373
0.250114
-0.307284
-0.350131
0.305187
-0.289111
0.276753
0.38189
-0.309804
-0.349357
-0.305433
0.268068
-0.281647
0.310679
0.273706
0.282532
-0.263334
-0.324716
0.270443
-0.305879
-0.27756
0.265972
-0.3565
-0.26962
-0.354651
-0.262087
-0.312095
0.317706
-0.269772
-0.324102
0.26439
-0.290576
0.308851
0.438307
0.345179
-0.269718
-0.405273
-0.252923
0.391346
-0.27008
0.296404
-0.270467
-0.341615
-0.303876
0.395328
0.303976
-0.277926
0.381744
-0.268579
-0.273897
-0.368562
0.275344
-0.371434
-0.252517
-0.254763
0.29764
0.356105
-0.250259
-0.312156
-0.277768
-0.291739
0.2727
-0.331155
0.370557
0.301215
-0.276116
-0.353642
0.272661
-0.271193
0.29887
-0.268357
0.297923
0.254682
-0.272037
0.269574
-0.347988
-0.275518
0.32196
-0.258279
-0.284853
0.370196
-0.365435
0.314813
0.27779
0.362745
0.397536
0.324871
-0.274213
-0.256203
0.31381
-0.294417
-0.324436
-0.261307
0.258832
-0.336213
-0.251469
0.288419
0.291006
-0.270882
-0.265755
0.289183
0.252433
-0.278442
-0.267709
-0.292695
-0.312498
-0.25456
-0.396227
-0.319078
-0.362916
-0.291297
-0.255484
-0.304103
-0.264966
-0.302453
0.316716
0.254936
0.364634
-0.292539
0.259128
-0.280129
0.274123
-0.27295
-0.325041
-0.263246
0.293751
0.36701
-0.361677
-0.35783
0.330719
0.34798
0.321537
-0.287467
-0.259273
0.263705
0.38431
-0.312823
0.289485
-0.274831
0.287614
-0.258167
-0.327518
-0.286034
-0.251862
-0.254047
0.399165
-0.250314
0.361706
-0.255864
-0.311067
-0.26032
0.361323
0.359823
-0.293789
-0.28732
0.300297
0.3505
0.357779
0.261449
-0.265814
0.385997
-0.368448
0.286446
-0.285342
0.282694
0.374364
-0.335798
0.27832
-0.294204
0.279208
-0.326269
-0.319772
-0.257276
-0.288419
0.251444
-0.265653
0.259128
0.272639
-0.299213
-0.390285
-0.346438
0.267145
-0.258918
-0.256668
-0.290636
0.292773
-0.367421
-0.280613
0.280839
-0.301241
0.325178
0.338314
0.269645
0.342321
0.285454
-0.36071
-0.271017
-0.368079
0.31787
-0.254686
0.299271
-0.33792
0.292258
-0.334127
-0.321018
0.279174
-0.333813
-0.349342
-0.280617
0.313472
0.267509
0.26117
0.2725
-0.293685
0.413462
0.302447
-0.368999
-0.274597
-0.250584
-0.274499
0.290686
0.262378
0.325162
0.352991
0.30537
-0.251945
0.296028
0.318958
0.340211
0.283566
0.335332
0.303585
-0.256676
0.26908
0.283579
0.322027
0.316427
-0.327688
-0.255493
-0.448997
0.420943
0.333518
-0.325612
0.308136
0.31923
-0.292363
-0.259323
0.258793
0.304224
0.385343
-0.268467
-0.288793
0.281202
-0.348221
0.288437
0.280478
-0.282255
-0.251544
0.271825
-0.274852
0.252501
0.315352
0.290677
0.276936
0.337804
-0.260395
0.327541
0.364629
0.266441
0.278876
-0.316834
-0.290538
-0.317462
0.266314
-0.251047
0.261611
-0.266551
-0.276175
0.304045
-0.31529
0.252249
-0.304306
-0.259044
-0.269207
0.331019
0.316167
-0.297437
-0.282459
-0.256601
-0.26141
-0.268947
0.408009
0.288881
-0.359473
-0.297721
0.363103
-0.265946
0.255412
0.433301
-0.332359
-0.255926
-0.332061
-0.343162
-0.267387
-0.267189
-0.289075
-0.272346
0.298514
0.433201
-0.256985
0.261704
-0.26482
0.321352
-0.256183
0.387553
0.287287
-0.339332
0.25239
0.314497
-0.26941
0.25402
-0.266059
-0.264119
-0.279888
0.295259
-0.263471
0.253059
-0.36612
0.277465
-0.258251
0.318677
-0.348054
-0.303037
0.265405
-0.265035
0.265955
0.322115
0.295786
0.353104
-0.261868
-0.308617
0.264912
-0.307697
0.371624
0.260446
-0.299925
0.259559
0.287018
0.292466
-0.274841
0.304872
0.333458
-0.262635
0.328946
0.257091
-0.344769
0.255893
0.271245
0.33263
0.268353
0.262849
0.288257
-0.253358
-0.320861
0.257995
-0.312039
-0.322465
0.259903
-0.350698
-0.405516
0.290536
0.254825
0.323188
0.264467
0.354999
0.36174
0.252671
0.294608
-0.251844
0.290118
-0.275691
0.321219
-0.297962
0.282666
0.383414
-0.274947
0.28565
-0.267267
-0.250212
0.372006
0.377091
-0.291416
-0.288189
-0.322788
0.315278
0.285523
0.303922
-0.271706
-0.267076
0.253698
-0.29381
0.357031
-0.352782
-0.263623
0.350679
0.25421
0.271071
0.285588
-0.271783
-0.254361
-0.466881
0.261876
0.303833
0.32305
0.299887
0.378665
0.364071
0.565042
0.258878
0.270676
-0.253699
-0.258918
0.336282
0.25107
-0.365145
-0.251236
0.32374
-0.299009
-0.266362
-0.25524
0.31075
-0.252635
0.341618
0.35518
0.323577
0.268154
0.437604
0.315562
-0.312703
0.320641
-0.253577
0.337392
0.385672
0.277357
-0.271245
0.318052
0.332718
-0.314215
0.263798
0.305991
0.375912
0.392863
-0.251597
-0.25321
-0.263441
0.252148
0.276305
0.280259
-0.293423
0.280251
0.266616
0.307691
0.251562
-0.294244
0.250421
-0.254792
0.264808
-0.263483
-0.278021
-0.3364
0.319842
0.251996
0.323824
-0.301548
0.336947
0.364902
-0.265565
0.33216
-0.29842
-0.293399
0.282765
0.253938
-0.267483
0.304083
-0.26773
0.411575
0.267258
0.331842
0.282882
0.346066
0.362283
-0.381631
-0.277481
-0.27266
-0.263976
-0.268509
0.301232
-0.250703
-0.282633
0.302109
0.325979
-0.278384
0.297397
-0.384468
-0.268299
0.315417
-0.27216
0.28178
0.297425
0.35884
-0.271905
0.290004
-0.263235
0.374001
0.286175
0.316418
-0.295957
0.360291
0.341486
0.302329
-0.282435
0.257095
0.399536
0.316064
0.282377
-0.413033
-0.307543
0.278797
-0.254571
-0.278961
-0.260351
-0.279224
-0.348777
0.290441
0.26601
0.257697
-0.373655
-0.278785
-0.311616
-0.273008
0.36985
0.315049
0.253023
-0.303386
0.293532
0.271845
0.290189
-0.343392
0.260737
-0.260551
-0.298022
0.437956
0.399716
-0.400295
-0.280974
-0.361161
0.255065
0.344844
0.271527
-0.351613
-0.252494
0.25552
0.325937
0.298201
-0.29441
-0.328825
-0.300884
0.263208
0.263433
-0.256804
-0.287342
-0.411839
0.259318
-0.280848
0.308472
0.362733
-0.267808
0.254703
-0.3815
0.297164
0.260759
0.2948
0.310474
-0.377102
0.27086
0.255101
-0.257051
0.366444
-0.33198
-0.314032
-0.269706
0.324815
0.250181
-0.2743
0.299398
0.265212
0.286732
-0.278742
0.257508
-0.350995
-0.326912
-0.344198
0.308919
0.361131
0.268772
-0.334516
0.342668
-0.259255
0.316682
-0.298493
0.302402
-0.377961
0.306424
0.354615
0.261162
-0.373737
0.26735
-0.250562
-0.265904
0.370359
-0.277451
0.292635
0.269018
0.279816
-0.269523
0.275312
0.260946
0.25854
0.311569
-0.263407
-0.270697
0.267249
-0.270202
-0.25533
0.252102
-0.311101
0.344063
0.429054
0.267749
0.325392
-0.26018
-0.294506
-0.363871
-0.264425
0.409922
-0.315013
0.27804
-0.363683
0.293594
0.288845
-0.294973
-0.322214
0.3034
-0.28968
-0.292916
-0.29598
0.308546
0.29245
-0.268378
0.29685
0.342731
0.310491
0.256026
-0.288663
0.304164
-0.251499
0.264117
0.340034
0.284161
-0.32816
0.296194
-0.333491
-0.322201
-0.294941
-0.260853
-0.283159
-0.373587
0.250713
0.287332
-0.272866
-0.263688
0.270206
0.322818
-0.377859
-0.396709
0.451418
0.273682
0.304146
0.295266
0.271029
-0.317976
-0.273154
0.321818
0.321894
-0.301124
0.330921
-0.277043
-0.301879
-0.29147
-0.260802
-0.276649
-0.33505
-0.346801
0.259666
-0.384993
-0.252002
0.300119
0.27592
-0.350116
-0.376723
0.362464
0.262422
-0.253929
0.302007
0.273426
0.321676
0.253978
-0.254493
0.264403
0.304134
-0.335621
0.273447
0.401835
0.296008
0.322448
-0.280698
-0.289957
-0.340517
-0.267756
-0.253945
-0.268795
0.289791
-0.271692
0.253607
0.254368
-0.327671
0.25815
-0.283545
0.263446
0.280282
0.381741
-0.294486
0.296948
0.385561
-0.287173
0.27106
-0.305178
0.313488
-0.298458
-0.256251
-0.271726
0.373087
-0.254017
-0.269272
0.29527
0.409328
-0.273429
0.299461
-0.254409
-0.262874
0.289121
-0.272715
-0.25881
-0.255614
-0.336071
0.25851
-0.291296
0.260666
-0.388449
0.356793
0.346927
-0.258124
-0.280977
-0.276283
0.262559
-0.294736
0.294455
-0.29844
-0.251119
0.293899
-0.345586
-0.252217
-0.360959
-0.286818
-0.290377
0.289262
-0.267661
0.26724
0.279805
-0.290159
-0.274267
0.27865
-0.361621
-0.262894
-0.308284
0.264907
0.311264
-0.356957
0.2963
-0.289975
0.269696
-0.342986
-0.251891
-0.271429
0.273372
0.274738
0.279541
0.272248
0.295515
-0.28882
0.362003
0.316782
0.312924
0.324686
0.25273
0.250582
0.382635
0.262043
-0.323691
0.331077
-0.312266
-0.25631
0.256518
0.289071
-0.256208
-0.254927
-0.295411
0.294861
-0.26718
0.393069
-0.256321
-0.258433
-0.32413
-0.267562
0.327656
-0.324602
0.286299
-0.256833
0.352731
-0.273876
-0.358193
0.285345
0.33987
-0.406187
-0.288015
-0.323509
0.381065
0.374696
0.27406
-0.281943
0.310753
0.254165
-0.329257
0.261191
-0.372247
-0.252479
-0.257279
0.308829
-0.398487
0.362399
0.366936
-0.253637
-0.311334
0.281016
-0.337311
-0.272528
0.332333
-0.319029
0.332529
-0.254189
-0.33316
0.26742
-0.299597
-0.329455
0.415155
0.314779
-0.276558
-0.337208
-0.332022
-0.351041
-0.317488
-0.278237
-0.313676
0.333839
0.261526
-0.269611
0.386139
0.281735
0.255955
0.321636
-0.358812
-0.384178
-0.277286
-0.281312
0.294229
0.32676
0.288451
-0.277704
0.356473
-0.261848
0.280129
-0.324781
0.324358
-0.280792
0.272165
-0.263438
0.338809
0.33635
-0.309627
0.272378
0.274109
0.26341
-0.332874
0.286534
0.253334
0.271034
0.274286
0.260599
0.283929
-0.252834
0.360839
0.311339
0.306171
-0.26163
-0.279285
-0.324473
0.325874
0.333774
-0.255788
-0.265541
0.294578
0.253283
-0.293459
-0.315587
0.280354
0.305851
0.336773
-0.266538
0.35074
-0.254217
-0.30369
-0.333236
-0.326444
0.286201
0.427083
0.289506
0.291809
-0.267682
0.258109
-0.296738
-0.27376
-0.262052
0.359938
0.257258
0.258187
0.28359
-0.326487
-0.282718
0.34807
0.272653
-0.338069
0.278229
0.362146
-0.279287
0.291241
-0.261225
0.280766
-0.274326
-0.420349
-0.309001
0.254078
0.313754
-0.374115
0.343591
0.266665
-0.290399
0.25279
-0.315404
-0.345452
0.273068
-0.263612
0.273596
0.277033
-0.279669
-0.426466
-0.338522
-0.29064
-0.261257
0.340824
0.282553
-0.268886
-0.378202
-0.272101
0.282935
0.28499
-0.42134
-0.253197
0.251116
-0.251951
0.413227
0.251791
0.321659
-0.337667
0.292447
0.320845
-0.265371
-0.308677
0.289826
-0.271572
-0.31646
0.269232
-0.267831
-0.260776
-0.304111
-0.255346
-0.253568
-0.330773
0.353202
-0.279896
-0.34688
0.332156
-0.378589
-0.261452
-0.264537
-0.300615
0.383252
0.276229
0.279511
0.260621
0.272626
0.263808
0.315191
0.314976
-0.291284
0.327196
-0.279868
-0.284135
0.26787
0.256304
-0.294421
0.318486
0.301222
-0.277684
-0.259619
-0.343096
0.264607
0.305816
0.250515
-0.25576
-0.285947
-0.290077
0.315395
0.34332
-0.325625
-0.328256
0.251781
0.296752
0.305718
0.360337
0.253887
-0.264501
-0.309699
-0.337145
0.26192
-0.333698
0.25972
0.314827
-0.353978
-0.400021
0.291576
-0.301284
-0.289735
0.333271
-0.28949
-0.277218
-0.306402
0.259745
-0.264995
