ans: 
57
122
211
359
643
756
777
825
890
943
1084
1194
1205
1262
1300
1375
1389
1548
1737
1748
1986
2046
2206
2299
2334
2371
2403
2454
2703
3020
3295
3364
3478
3482
3540
3578
3656
3798
3837
3858
3911
4006
4401
4408
4424
4437
4492
4514
4603
4674
4789
4948
5004
5011
5098
5191
5255
5261
5296
5450
5496
5579
5646
5667
5811
5821
5894
5916
5950
6086
6093
6267
6358
6388
6479
6653
6814
6921
7055
7076
7219
7233
7300
7360
7372
7469
7503
7536
7594
7644
7713
7869
7880
7900
7906
7914
7959
7994
7997
8177
8531
8575
8761
8873
9040
9118
9170
9487
9529
9544
9551
9588
9624
9649
9936
9988
10067
10126
10196
10200
10236
10341
10345
10352
10373
10431
10480
10483
10494
10499
10714
10790
10853
10866
10928
10945
10953
11163
11174
11199
11242
11376
11410
11566
11617
11677
11694
11749
11804
11851
11950
12139
12193
12524
12557
12590
12607
12655
12789
12871
12880
12883
13075
13168
13276
13281
13366
13498
13587
13684
13696
13741
13880
13902
14057
14185
14307
14460
14838
14911
14929
14950
15018
15091
15210
15326
15416
15461
15472
15512
15514
15525
15685
15698
15880
15932
16074
16082
16198
16394
16732
16810
16834
16929
17030
17046
17057
17175
17181
17220
17396
17483
17499
17794
17825
17856
17899
17940
17997
18029
18267
18285
18292
18406
18566
18574
18656
18658
18670
18769
18779
18912
18937
19045
19078
19152
19167
19201
19241
19312
19412
19465
19583
19593
19622
19651
19677
19790
19866
19897
19905
20288
20330
20380
20468
20489
20918
21009
21082
21297
21377
21449
21551
21846
21879
21887
21892
21896
21928
22222
22399
22681
22745
22775
22837
22996
23098
23147
23186
23189
23231
23350
23359
23378
23399
23569
23623
23711
23805
23871
24059
24244
24438

