34
42
44
49
54
88
98
131
147
199
204
206
285
296
303
319
335
342
361
407
411
416
447
452
493
502
508
514
520
541
550
567
599
608
622
639
641
652
653
654
681
692
697
700
701
714
722
768
772
809
811
814
828
830
833
866
874
895
909
947
967
978
992
1006
1016
1023
1033
1058
1083
1095
1105
1131
1152
1160
1167
1180
1189
1190
1207
1244
1259
1315
1318
1329
1355
1362
1380
1398
1406
1427
1430
1441
1445
1457
1480
1488
1524
1527
1528
1534
1540
1585
1591
1597
1660
1668
1690
1699
1706
1716
1740
1760
1772
1780
1811
1812
1852
1860
1869
1873
1909
1940
1980
1984
2000
2009
2024
2025
2029
2053
2069
2078
2109
2112
2119
2125
2135
2152
2155
2218
2224
2238
2241
2313
2350
2357
2389
2424
2467
2472
2489
2490
2509
2511
2514
2525
2541
2558
2568
2573
2605
2608
2616
2627
2635
2648
2649
2684
2698
2711
2716
2732
2735
2740
2744
2768
2774
2790
2794
2800
2809
2810
2837
2853
2894
2909
2957
3013
3028
3032
3063
3069
3107
3142
3145
3186
3190
3194
3202
3216
3221
3223
3231
3271
3296
3309
3310
3335
3355
3383
3425
3429
3431
3439
3490
3506
3564
3610
3613
3652
3660
3664
3700
3702
3715
3719
3749
3767
3785
3790
3826
3882
3901
3913
3921
3980
3994
4008
4044
4051
4067
4098
4129
4143
4167
4211
4283
4303
4304
4328
4337
4340
4383
4391
4426
4490
4498
4521
4526
4529
4532
4536
4549
4555
4558
4591
4592
4618
4641
4658
4660
4682
4745
4761
4766
4805
4822
4864
4900
4914
4943
4965
5000
5013
5022
5028
5068
5074
5087
5098
5126
5131
5149
5152
5208
5234
5257
5270
5298
5318
5326
5360
5364
5400
5401
5404
5422
5425
5447
5448
5450
5453
5477
5489
5491
5523
5532
5534
5553
5566
5587
5593
5622
5623
5669
5672
5756
5760
5762
5769
5807
5862
5868
5882
5902
5906
5943
5979
6010
6026
6068
6072
6083
6143
6176
6177
6218
6222
6231
6326
6330
6341
6353
6354
6373
6378
6425
6431
6452
6466
6482
6502
6504
6510
6522
6523
6615
6668
6714
6733
6737
6764
6773
6782
6804
6820
6841
6865
7001
7040
7047
7049
7060
7092
7100
7105
7107
7131
7136
7164
7166
7201
7213
7228
7278
7319
7324
7328
7329
7340
7343
7350
7354
7374
7403
7407
7422
7513
7526
7600
7616
7622
7627
7628
7653
7674
7699
7706
7709
7776
7791
7806
7809
7815
7864
7879
7902
7922
7923
7925
7949
7975
7983
8017
8055
8063
8066
8074
8094
8102
8133
8135
8156
8179
8188
8214
8235
8240
8265
8333
8339
8340
8362
8387
8391
8408
8431
8474
8560
8629
8634
8661
8673
8675
8677
8679
8683
8690
8709
8721
8726
8802
8806
8818
8827
8834
8846
8869
8872
8875
8878
8884
8899
8901
8909
8966
8967
8993
8995
9011
9028
9050
9054
9135
9152
9158
9167
9192
9241
9258
9265
9273
9338
9350
9369
9372
9402
9427
9481
9489
9505
9541
9545
9547
9549
9557
9585
9593
9599
9616
9625
9644
9665
9675
9708
9736
9737
9760
9761
9765
9769
9772
9811
9826
9868
9874
9936
9947
9958
9960
10021
10047
10055
10059
10061
10071
10086
10092
10108
10112
10121
10151
10177
10204
10238
10239
10252
10261
10271
10284
10289
10293
10351
10372
10374
10397
10408
10411
10418
10432
10455
10458
10478
10482
10513
10557
10576
10610
10689
10695
10708
10755
10771
10795
10888
10957
10986
10990
11008
11012
11072
11076
11082
11089
11110
11138
11161
11177
11233
11261
11285
11289
11301
11324
11332
11334
11340
11344
11353
11355
11366
11370
11373
11381
11389
11393
11448
11484
11498
11507
11521
11564
11612
11621
11629
11693
11716
11773
11779
11826
11843
11845
11859
11866
11870
11883
11888
11965
12062
12064
12073
12077
12104
12113
12122
12147
12151
12160
12178
12200
12201
12206
12257
12262
12263
12274
12280
12284
12302
12305
12343
12374
12387
12407
12417
12422
12515
12522
12532
12573
12674
12697
12720
12730
12752
12772
12796
12801
12846
12852
12874
12880
12885
12931
12952
12956
12967
12981
13003
13025
13073
13092
13097
13098
13108
13131
13177
13178
13197
13229
13323
13340
13375
13438
13456
13486
13495
13507
13527
13530
13577
13588
13602
13608
13626
13628
13637
13663
13665
13670
13699
13706
13742
13743
13759
13771
13793
13802
13807
13834
13858
13865
13866
13875
13882
13888
13922
13951
13959
13998
14023
14025
14028
14071
14073
14089
14133
14147
14148
14200
14222
14248
14261
14302
14319
14424
14439
14457
14458
14460
14497
14518
14557
14576
14583
14618
14632
14645
14646
14660
14674
14681
14689
14701
14713
14775
14779
14785
14786
14790
14808
14809
14849
14857
14867
14868
14883
14913
14918
14939
14969
14974
14992
14994
15009
15011
15022
15043
15060
15071
15074
15118
15135
15141
15148
15150
15156
15201
15204
15221
15250
15295
15308
15372
15377
15379
15402
15409
15436
15443
15455
15469
15471
15554
15568
15601
15620
15626
15634
15645
15647
15664
15674
15680
15686
15707
15711
15732
15816
15835
15842
15862
15873
15914
15958
15973
15986
16009
16015
16024
16047
16073
16137
16160
16166
16194
16259
16316
16332
16372
16409
16416
16425
16473
16522
16543
16553
16607
16620
16659
16674
16688
16691
16726
16747
16751
16817
16832
16837
16841
16851
16859
16875
16905
16946
16961
17000
17029
17127
17136
17162
17206
17213
17221
17228
17262
17275
17285
17315
17319
17332
17346
17353
17355
17358
17374
17393
17394
17402
17442
17454
17461
17492
17540
17546
17565
17588
17599
17633
17665
17679
17687
17705
17715
17727
17744
17763
17798
17828
17834
17838
17863
17889
17893
17900
18018
18024
18049
18051
18057
18064
18079
18080
18108
18109
18115
18125
18131
18162
18185
18191
18194
18216
18237
18243
18303
18315
18318
18337
18340
18349
18361
18410
18429
18435
18509
18535
18576
18580
18585
18605
18611
18639
18658
18660
18703
18706
18709
18711
18723
18744
18761
18772
18804
18816
18823
18854
18858
18902
18903
18918
18921
19005
19028
19050
19075
19113
19139
19200
19206
19228
19230
19231
19243
19244
19262
19313
19342
19387
19439
19447
19507
19530
19557
19590
19591
19602
19604
19608
19618
19639
19640
19642
19655
19677
19688
19703
19763
19772
19775
19778
19792
19827
19841
19869
19907
19908
19915
19981
19982
19994
20014
20037
20043
20045
20061
20065
20072
20089
20090
20098
20175
20179
20183
20199
20238
20256
20261
20288
20290
20307
20330
20370
20371
20390
20393
20394
20399
20422
20453
20455
20477
20478
20485
20502
20512
20514
20522
20529
20533
20541
20558
20559
20563
20610
20626
20635
20666
20709
20711
20713
20718
20809
20814
20823
20830
20835
20837
20860
20910
20913
20940
20987
20997
21040
21044
21049
21090
21096
21104
21116
21185
21188
21238
21242
21280
21283
21314
21328
21337
21345
21389
21419
21441
21445
21450
21462
21479
21494
21498
21503
21537
21555
21560
21651
21655
21656
21675
21678
21693
21731
21733
21755
21788
21793
21816
21871
21911
21992
21997
22002
22016
22105
22161
22236
22252
22279
22286
22299
22328
22339
22351
22447
22452
22496
22498
22517
22548
22550
22574
22582
22589
22628
22641
22649
22656
22657
22705
22720
22784
22825
22883
22890
22901
22918
22927
22930
22991
22995
23006
23034
23037
23041
23075
23091
23113
23118
23258
23266
23303
23316
23327
23330
23380
23407
23436
23452
23456
23486
23512
23624
23630
23651
23656
23670
23675
23726
23787
23817
23832
23853
23873
23874
23910
23932
23938
23941
23966
23992
24009
24018
24028
24041
24046
24047
24078
24079
24131
24133
24159
24164
24179
